Title,Archive,ChatTime,Created at,Favorite,ProjectName,Tags,URL
default template,Yes,"July 10, 2025","March 9, 2026 2:37 PM",No,,ChatGPT,https://chatgpt2notion.com
